[
  90, 133,   43,  1,   8,   3,   0,   1, 1303, -1,
  10,   1, 2401, 11,   3, 106, 114, 112,   15,  0,
  12,   0,   13,  0,   8,   8, 104,  96,   80, 64,
  98,  82,   74, 66,  13,   1,   4,   0,   13,  2,
   0,   0,   13,  3,   0,   0,   3,   1,    2,  5,
   0, 377,    1,  1, 261,   0,   0,   0,    0,  0,
   0,   0
]
[
  90, 133,   43,   1,   8,  3,  0,  1, 1296,  -1,
  10,   1, 1889,  11,   0, 15,  0, 12,    0,  13,
   0,  11,   11, 112, 104, 96, 80, 64,  114, 106,
  98,  82,   74,  66,  13,  1,  6,  0,   13,   2,
   0,   0,   13,   3,   0,  0,  3,  1,    2,   5,
   0, 377,    1,   1, 259,  0,  0,  0,    0,   0,
   0,   0
]
ERROR CARD: 35

