72, 56, 90, 97, 115, 99
9h  7h  Jc  Qd  As   Qs

1001000  9h     0011000 24
0111000  7h
1011010  Jc
1100001  Qd
1110011  As
1100011  Qs

0011000 6h
0011011 6s
1110011 As   from 24 to 115

// game started                                trump
[90, 111, 38, 0, 8, 3, 16, 1, 4500, -1, 10, 0, 6421, 11, 0,         15,  0, 12, 0,  13, 0, 6, 0, 13, 1, 6, 6, cards...]

// ffg attacks with 6h
[90, 111, 38, 0, 8, 3, 24, 1, 4500, -1, 10, 0, 6195, 11, 1, 48,     15,  0, 12, 0,  13, 0, 6, 0, 13, 1, 5, 5, 112, 88, 115,  83, 67, 13,  2, 0, 0, 13, 3, 0, 0, 3, 1, 2, 5, 0, 900, 1, 0, 867, 0, 0, 0, 0, 0, 0, 0]

// cft7821g defends with 9h
[90, 111, 59, 1, 8, 3, 16, 1, 4335, -1, 10, 1, 6195, 11, 2, 48, 72, 15,  0, 12, 0,  13, 0, 5, 0, 13, 1, 5, 5, 112, 88, 115,  83, 67, 13,  2, 0, 0, 13, 3, 0, 0, 14, 0, 1, 1, 15, 3, 1, 1, 257, 1, 6, 1, 1, 257, 1, 9, 1, 1, 0, 0, 3, 1, 2, 5, 0, 855, 1, 0, 867, 0, 0, 0, 0, 0, 0, 0

// pass, take card
[90, 111, 38, 0, 8, 3, 24, 1, 4273, -1, 10, 0, 5683, 11, 0,         15,  0, 12, 0,  13, 0, 6, 0, 13, 1, 6, 6, 112, 88,  49, 115, 83, 67, 13, 2, 0, 0, 13, 3, 0, 0, 3, 1, 2, 5, 0, 855, 0, 0, 783, 1, 0, 0, 0, 0, 0, 0]

// cft7821g attacks with 7c
[90, 111, 54, 1, 8, 3, 16, 1, 3913, -1, 10, 1, 5683, 11, 1, 57,     15,  0, 12, 0,  13, 0, 5, 0, 13, 1, 6, 6, 112, 88,  49, 115, 83, 67, 13, 2, 0, 0, 13, 3, 0, 0, 14, 0, 2, 1, 10, 2, 1, 1, 129, 1, 3, 1, 1, 0, 0, 3, 1, 2, 5, 0, 802, 0, 0, 783, 1, 0, 0, 0, 0, 0, 0]

// ffg defends with 8s
[90, 111, 39, 0, 8, 3,  8, 1, 4010, -1, 10, 0, 5683, 11, 2, 57, 67, 15, 0, 12, 0, 13, 0, 5, 0, 13, 1, 5, 5, 112, 88, 49, 115, 83, 13, 2, 0, 0, 13, 3, 0, 0, 3, 1, 2, 5, 0, 802, 0, 0, 709, 1, 0, 0, 0, 0, 0, 0]


// as other defending from 8s
[90, 115, 49, 0, 8, 3,  8, 1, 4500, -1, 10, 0, 6256, 11, 1, 67,     15, 0, 12, 0, 13, 0, 6, 6, 114, 90, 74, 105, 65, 59, 13, 1, 5, 0, 13, 2, 0, 0, 13, 3, 0, 0, 14, 0, 2, 1, 5, 1, 0, 1, 0, 0, 3, 1, 2, 5, 0, 900, 1, 0, 886, 0, 0, 0, 0, 0, 0, 0]

// takes
[90, 115, 39, 1, 8, 3, 16, 1, 4431, -1, 10, 1, 6000, 11, 0,         15, 0, 12, 0, 13, 0, 7, 7, 114, 90, 74, 105, 65, 67, 59, 13, 1, 6, 0, 13, 2, 0, 0, 13, 3, 0, 0, 3, 1, 2, 5, 0, 818, 1, 0, 886, 0, 0, 0, 0, 0, 0, 0]

// as other defending from 6c
[90, 115, 65, 0, 8, 3,  8, 1, 4091, -1, 10, 0, 6000, 11, 1, 50,     15, 0, 12, 0, 13, 0, 7, 7, 114, 90, 74, 105, 65, 67, 59, 13, 1, 5, 0, 13, 2, 0, 0, 13, 3, 0, 0, 14, 0, 2, 1, 20, 4, 0, 1, 385, 1, 74, 0, 1, 385, 1, 90, 0, 1, 385, 1, 114, 0, 1, 0, 0, 3, 1, 2, 5, 0, 818, 1, 0, 867, 0, 0, 0, 0, 0, 0, 0]

// defends with Jc
[90, 115, 40, 1, 8, 3, 16, 1, 4336, -1, 10, 1, 6000, 11, 2, 50, 90, 15, 0, 12, 0, 13, 0, 6, 6, 114, 74, 105, 65, 67, 59, 13, 1, 5, 0, 13, 2, 0, 0, 13, 3, 0, 0, 3, 1, 2, 5, 0, 745, 1, 0, 867, 0, 0, 0, 0, 0, 0, 0]

// lead Jh
[90, 115, 51, 0, 8, 3, 8, 1, 3723, -1, 10, 0, 6000, 11, 3, 50, 90, 88, 15, 0, 12, 0, 13, 0, 6, 6, 114, 74, 105, 65, 67, 59, 13, 1, 4, 0, 13, 2, 0, 0, 13, 3, 0, 0, 14, 0, 2, 1, 5, 1, 0, 1, 0, 0, 3, 1, 2, 5, 0, 745, 1, 0, 828, 0, 0, 0, 0, 0, 0, 0
